11000000000000000000000000000000000001000000000001
00000000000000000000000000000000000000000000000000
00000000000000000000000000000000000000001000000000
00000000000000000000000000000000000000001000000000
00000000000000000000000000000000110000001000000000
00000000000000000000000000000001001100000000000000
00000000000000000000000010000011000111000000000000
00000000000000000000000010101000000001100000000000
00000000000000000000001100110100001101000000000000
00000000000000000000011101101110111101100000000000
00011000000000000000100000101111000011000000000000
00011000000000000000100010000000000000000000000000
00000000000000000000100010110000000000000000000000
00000000000000000000100000100000000000000000000000
00000000000000000000100010100000000000000000000000
00000000000000000000010001000000000000000000000000
00000000000000000000001110000000000000000000000000
00000000000000000000000000000000000000000000000000
00000000000000000000000000000000000000000000000000
00000000000000000000000000000000000001000000000000
