11000000000000000011110000000000000001000000000001
00000000000000000100001000000000000011110000000000
00000000000000001000101000000000000010000000000000
00000000000000000000100000000000000001101000000000
00000000000000000000000000000011000110000000000000
00000000000000000111000000000000100110000000000000
00000000000000000010000000000000000100001100000000
00000000000000000000000000000000000010100000000000
00000000000000101000110000000000000110000000011000
00000000110000011000110000000000010000000000011000
00011000010000000111100000000000110000000011000000
00011000010000000011000000000001100011100000000000
00000000100000000010000000000000111010001000000000
00000000000000000000000000100000011000001011000000
00000000000001100000000011011000001000000100000000
00000000000000000000000000111000000001100000000000
00000000011000000000000000000000000001100000000000
00000000100100000000000000000000000000000000000000
00000000100100000000000000000000000000000000000000
00000000101000000000000000000000000000000000000000
