11000000000000000000100100000000000000000010000001
00000000000000000000000000000000000000000101000000
00000000000000000010011000000000000000000101000000
00000000000000000001100000000000000000000010000000
00000000000000000000000000000000000000000000000000
00000000000000000000000000000000010000000000000000
00000000000000000000000000000000111000000000000000
00000000000000000000000000000000101100000000000000
00000000000000000000000110000000000100000000000000
00000000000000000000000111000000000111000000000000
00011000000000000100000010000000000010000000000000
00011000000000100010000000000010000100000000000000
00000000000000000100000000000010000000000000000000
00000000000000100000000000000000000000000000000000
00000000000000000000000000000000000000000000000000
00000000000000000000000000000000000000000000000000
00000000000000000000000000000000000000000000000000
00000000000000000011000000000000000000000000000000
00000000000000000011000000000000000000000000000000
00000000000000000000011000000000000000000000000000
