11000000000000000000000000000000000000000000000001
00000000000000000000000000000000000000000000000000
00000000000000000000000000000000000000000000000000
00000000000000000000000000000100000000000000000000
00000000000000000000000000011011000000000000000000
00000000001000000000000000000011000000000000000000
00000000000000000000000000000010000000000000000000
00000000000000000000001100000010000000000000000000
00000000000000000011001001000100000000000000000000
00000000000000000011100011000100000000000000000000
00011000000000000100000100001000000000000000000000
00011000000000000000000111111000000000000000000000
00000000000001100000001000100000000000000000000000
00000000000001110000001110001110001110000000000000
00000000000010010000000100000000000000000000000000
00000000000001110000000000000000000000000000000000
00000000000001100000000000000000110000000000000000
00000000000000000000000000000000110000000000000000
00000000000000000000000000100000000000000000000000
00000000000000000000000000100000000000000000000000
