10000100000000000000000000000001100000000000000000
00110000000000000000000000000000000000000000000000
00000000000000000000000000011000000100110000000000
00000000000000000000000000011000000100010000000000
00000000000000000010000000000000000011101000000000
00000000000000000111000000000001110111000000000000
00000000000000001101100000000001110000000000000000
00000000110000000000000000000000010000000000000000
00000000110000000000000000000100000000100000011000
00000000000000011100000000001000001110110000011000
00000000000000011011000000001111111110001000000000
00000000000000011000100000000100001100001000000000
00011111100000000100100000000000000000000000000000
00100000100000000001010000011000000000000000000000
01000000010011000000010000011000000000000000000000
01010100111001000000010000000000000001110000000000
00100011111001000100100000000000000000000000000000
00000000001110001001000000000000000000000000000000
01111000000000000110000000000000000000000000000000
11111100000000000000000000000001100000000000000000
