11000000000000000000000000000000000001100000000001
00000000000000000000000000000000000001100001000000
00000000000000000000000000000000000000000101000000
00000000000000000000000000000000000001101100000000
00000000000000000000000000000000000001100110000000
00000000000000000000000000000000000011000000000000
00000000000000000000000000000101000000000000000000
00000000000000000000000000000101000010000000000000
00000000000000000000000011100100100000000000000000
00000000000000000000000001000011000011100000000000
00011000000000000000011010001000100011000000000000
00011000000000000000000011111111100000000000000000
00000000000000000000011111101100010000000000000000
00000000000000000000000000000000000000000000000000
00000000000000000000000000000001000000000000000000
00000000000000000000000000000000100100000000000000
00000000000000000000000000000000001000000000000000
00000000000000000000000000000000000000000000000000
00000000000000000000000000000000000000000000000000
00000000000000000000000000000000000000000000000000
