11000000000000000000000000000100000000000000000001
00000000000000000000000000001010000000000000000000
00000000000000000000000000010010000000000000000000
00000000000000000000000000001100000000000000000000
00000000000000000000000000000000000000000000000000
00000000000000000000000000000000000000000000000000
00000000000000000000000000000000000000000000000000
00000000000000000000000000000000000000000000000000
00000000000000000000000000000000000000000000000000
00000000000000000000000000000000000000000000000000
00011000000000000000000000000000000000000000000000
00011000000000000000000000000000000000000000000000
00000000000000000000000000000000000000000000000000
00000000000000000000000000000000001110000000000000
00000000001110000000001100000000000000000000000000
00000000000000000000010010000000000000000000000000
00000000000000000000001100000000110000000000000000
00000000000000000000000000000000110000000000000000
00000000000000000000000000000000000000000000000000
00000000000000000000000000000000000000000000000000
