11000000000000000000000000000000000000000000000001
00000000000000000000000000000000000000000000000000
00000000000000000000000000000000000000000000000000
00000000000000000000000000000001110000000000000000
00000000000000000000000000000010001000110000000000
00000000000000000000000000000010000001100000000000
00000000000000000000000000000011011001001000000000
00000000000000000000000000000000100001001000000000
00000000000000000000000000000000000000101000000000
00000000000000011100000000000000000000000000000000
00011000000000010011000000000000000000110100000000
00011000000000011001000000000000000001000010000000
00000000000000000111000000000001010000000100000000
00000000000000000000000000000001001000000000000000
00000000000000000000000000000001000000000000000000
00000000000000000000000100000000100100000000000000
00000000000000000000001010000000010100000000000000
00000000000000000000010001000000000000000000000000
00000000000000000000001010000000000000000000000000
00000000000000000000000100000000000000000000000000
