11000000000000000000001110000000000000000000000001
00000000000000000000000000000001100000000000000000
00000000000000000000000000000011010000000000000000
00000000000000000000000000000010010000000000000000
00000000000000000000000001110110110000000000000000
00000000000000000000000001001100100000000000000000
00000000000000000000000001000001000000000000000000
00000000000000001100000000110010000000000000000000
00000000000000010000000000001100000000000000000000
00000000000101100010001000000000000000000000000000
00011000000100011011011000000000000001000000000000
00011000000101110010100000000000000010110000000000
00000000000000001000100000000001110000000100000000
00000000000000000000100000000001010001000100000000
00000000000000000111110100000001110000110000000000
00000000000000000000010100000000000000000000000000
00000000000000000000011000100000000000000000000000
00000000000000000000100000100000000000000000000000
00000000000000000000100000100000000000000000000000
00000000000000000000000000000000000000000000000000
