00000001000010000011100000000000011010000101000000
00000000111000000101000000000000011010100000000000
00000001111000000111100000000000000010010000000000
00001001000000000111100110000000000000010000000100
00001010000101101100000011000001000000011000000100
00000111011000101100000000010010101000001000000000
00000010111000010110000100010011001000111100000000
00000001000000000100000011100000000000100100000000
00000000000000000001000000000000000010010000000000
00000000000000001001000000000000000011100000010000
00000000000000000001000000001110000000000000111000
00000000001100000100000000001000000000000000110011
00000001100000000000000000000100000000000000001110
00000000011000010000000000000000000000000000000100
00001100100000111000000000010000000000000000000000
00111100000001000100000001101000000001000000000000
00010001111000111001110001101100000001000000000000
00001111101000010001110001001100000000000000000000
00000010000000000000000000100100000000000110000000
00001010001010000001100000101000000100000110000000
