11000000000000000000000000000000010000000010000001
00000000000000000000000000000000111000000101000000
00000000000000000000000000000001100100000101000000
00000000000000000000000000000001101100000010000000
00000000000000000000000000000000001110000000000000
00000000000000000000000000000000101100000000000000
00000000000000000000000000000001001000000000000000
00000000000000000000000000000000000000000000000000
00000000000000000000000011000001010100000000000000
00000000000000000000000100100000101110000000000000
00011000000000000000000100100000000010000000000000
00011000000000000000000011000000000000000000000000
00000000000000000000000000000000000000000000000000
00000000000000000000000000000000000000000000000000
00000000000000000000000000000000000000000000000000
00000000000000000000000000000000000000000000000000
00000000000000000000000000000000000000000000000000
00000000000000000000000000000000000000000000000000
00000000000000000000000000000000000000000000000000
00000000000000000000000000000000000000000000000000
