00001001000000000000000000000000111000110000000000
00000110000000000000000000000001001001100000000000
00000000000000000000000000011000101000000000000000
00000000000000000000000000011000000000100000000000
00000000000000000000000000000000000000111000000000
00000000000000000000000000000000000000010100000000
00000000000000000011000000000000100000010011000000
00000000110000000100100000000010011001100110000000
00000000110000000000100000000101000001000110011000
00000000000000000100100000001011000011101100011000
00000000000000000101100000000000000001001000000000
00000000000000000000000000000000000000110000000000
00001000000011000000000000000000000000000000000000
00001100001011000100000000011000000000000000000000
00000000000001011001000000011000000000000000000000
00000100100010011001111000000000000001110000000000
00000000001100000010100000000000000000000000000000
00000100100000000000000000000000100000000000000000
00000101000000000000000000000000100000000000000000
00001010000000000000000000000000000010110000000000
