11000000000000110100000000000000000011010000000001
00000000010000011000000000000000000010011000000000
00000000000000000000000000000000101000001100000000
00000000000000000000000000001001000101101100000000
00000000000000000000000000001001000100010000000000
00000000000000000000000000000000000100000000000000
00000000000000000000000000000000000100000000000000
00000000000000000000000000001001001000000000000000
00000000000000000000000000001110110000000000000000
00000000000000000000000000000000000000000000000000
00011000000000000000000000001100011000000000000000
00011000000000001000000000010000011100000000000000
00000000000001100110000000000000011000000000000000
00000000000110111000000000000000000000000000000000
00000000000100100000000000000000000000000000000000
00000000000010000000000000000000000000000000000000
00000000000001000000001110000000000000000000000000
00000000000101000000000000000000000000111000000000
00000000000101000000010000000000000001001000000000
00000000000000001000001100000000000011111000000000
