00010100111100000111011000010000011110000111010010
01001011011001111010010101001001001100000110010101
10000100100001000101101011111000100111010101100001
01111101100010010001010000011110100011001101110000
00100010101010100011001111000000011000001011001000
10101110010010000000100001010101100101001100000010
00110100101100111101010001111010010001000101100101
00001110011110100101000001101011010101011010001110
11100100010001111001101111110111111011110000001000
11010010110001000010011001111011001011100001101101
10110010111110100111111111100101100011110101010001
01100101110010010001101011111110010101101111110100
00000100010000101101110110011101111010100110010110
00101001010110001011101101001100000101101101101010
00100110000001100010000100100000110111010010011001
11100000101001000001001011011011101100101101101100
01111110000111111111100100011110110001001111101100
11101000110101000000111110000111101110101100011111
10010001110111001001011010011111000111110111110001
00110100101000000010101100101000100001001001001001
