11000000000000000000011100000000000000010000000001
00000000000000001101111100000000000000010000000000
00000000000000000010000000000000000000010000000000
00000000000000000000000000000000000000101000000000
00000000000000111000000000000000000011001000000000
00000000000000000000000000000000001100110000000000
00000000000000000000000000000000000000000000000000
00000000000000000000000000000011100000000000000000
00000000000000000000000000001001010000000000000000
00000000000000000000000000000100000100000000000000
00011000000000000000000000000100000000000000000000
00011000000100000000000000000000010110000000000000
00000000000101110000000000000001001000000000000000
00000000000100110000001110000000100000000000000000
00000000000001110000001110000000000000000000000000
00000000000000000000100000100000000000000000000000
00000000000000000000101010100000000000000000000000
00000000000000000000000000000000000000000000000000
00000000000000001110010101000000000000000000000000
00000000000000000000000001000000000000010000000000
