11000000000000000000000000000000000000000010000001
00000000000000000000000000000000000011000101000000
00000000000000000000000000000000000100100101000000
00000000000000000000000000000000000100100010000000
00000000000000000000000000000000000011000000000000
00000000000000000000000000000000000000000000000000
00000000000000000000000000000000011000000000000000
00000000000000000000000100001110000100000000000000
00000000000000000000001000000100111100000000000000
00000000000000000000001000101010000111000000000000
00011000000000000000000110110000000000000000000000
00011000000000000000000000010000000000000000000000
00000000000000000000000011000000000000000000000000
00000000000000000000000000000000010100000000000000
00000000000000000000000000000000011100000000000000
00000000000000000000000000000000001000000000000000
00000000000000000000000000000000000000000000000000
00000000000000000000000000000000001000000000000000
00000000000000000000000000000000101000000000000000
00000000000000000000000000000000011000000000000000
