00001010000000000000000000000000000110000000000000
00000110000000000000000100000000000000000000000000
00000000000000000000001100000011110000000000000000
00000000000000000000000000000010011000000000000000
00000000000000000000000011000000011000011000000000
00000000000000000000000011000000100000100100000000
00000000000000000011000010000111000000100100000000
00000000110000000011000000001011100000011000000000
00000000110000000000000000011101110000100000011000
00000000000000000000000000001001110000110000011000
00000000000000000000000000101100000001001000000000
00000000000000000010000000110000000000000000000000
00000001000000000101000000000000000010100000000000
00000101000001000000000000000000000001000000000000
00000111000011000111000000001100000001000000000000
00000000000010000000000000001100000000000000000000
00000000000000000000010000000000000000000000000000
00000000000000000001010000000000000111000000000000
00000000000000000000000000000000001000000000000000
00001110000000000000000000000000001001000000000000
