11000000000000000000000000001000000000000000000001
00000000000000000000000000000000000000000000000000
00000000000000000000000000001000000000000000000000
00000000000000000000000000000101000000000000000000
00000000000000000000000110001110000000000000000000
00000000000000000000001110011000000000000000000000
00000000000000000000001111000100000000000000000000
00000000001111000000000001110010000000000000000000
00000000001000001000001001100001000000000000000000
00000000100100000000100001000000000000000000000000
00011001000100000000100001000000000000000000000000
00011000100000001100000011000000000000000000000000
00000000000000000011000010000000000000000000000000
00000000001101111010100010001110001110000000000000
00000000000000001100010110000000000000000000000000
00000000000000000001100010000000000000000000000000
00000000000000000001000000100000110000000000000000
00000000000000000010000110100000010000000000000000
00000000000000000001000000100000000000000000000000
00000000000000000001010000000100000000000000000000
