11000000000000000000000000000001110000000010000001
00000000000000000000000000000001000100000101000000
00000000000000000000000000000000110110000101000000
00000000000000000000000000000000000100000010000000
00000000000000000000000000000000000000000000000000
00000000000000000000000000000000000001000000000000
00000000000000000000000000000001100110100000000000
00000000000000000000000000000110100010100000000000
00000000000000000000000011000100000100000000000000
00000000000000000000000100100101000111000000000000
00011000000000000000000100100000000111000000000000
00011000000000000000000011000000000000000000000000
00000000000000000000000000000000000000000000000000
00000000000000000000000000000000000000000000000000
00000000000000000000000000000000000000000000000000
00000000000000000000000000000000000000000000000000
00000000000000000000000000000000111000000000000000
00000000000000000000000000000001000000000000000000
00000000000000000000000000000001001000000000000000
00000000000000000000000000000000000000000000000000
