11000000000011000000000000000000000101000000000001
00000000000000000000000000000000000101000000000000
00000000000000000110000000000000000010000000000000
00000000000000000110000000000000000100000000000000
00000000000000000000000000000000001100000000000000
00000000000000000000000000000000011100000000000000
00000000000000000001010000000000001100000000000000
00000000011100001000001000000001000000000000000000
00000000010010000010001000000011001100000000000000
00000000010001000100010000000110000000011100000000
00011000000111000100001010000101000000000010000000
00011000000000001010001101000111000000010001000000
00000000000000001100001001000010100111001000100000
00000001101100000100001111000000000000000100100000
00000001110000000010001011110000000010010010100000
00000001111100000000001100110000000000010000000000
00000000111111000000001100001000000000000000000000
00000000011111100000000010001000000000000000000000
00000000000010110000000010000000000000000000000000
00000000000010100000000001110000000010000000000000
