11000000000000000000010010000000000000000000000001
00000000000000000000000000000000000000000000000000
00000000000000000000000000000000000000001000000000
00000000000000000000000000000001100000001000000000
00000000000000000000000000000010010000001000000000
00000000000000000000000000000001100000000000000000
00000000000000000000000000000000000000000000000000
00000000000000000000000000000000000110000000000000
00000000000000000000000000000000011001111100000000
00000000000000000001110010100000000000110100000000
00011000000000000001000011000000000010000100000000
00011000000000000001110011000000011010111000000000
00000000000000000000000110000000000110010000000000
00000000000000000000000110000000000111100000000000
00000000000000000000001000000000110000000000000000
00000000000000000000001000000000110000000000000000
00000000000000000000000001000000000000000000000000
00000000000000000000001001000000000000000000000000
00000000000000000000010001000000000000000000000000
00000000000000000000010000000000000000000000000000
