11000000010000110000000000000000000000010000000001
00000000001110101000000000000000000001110000000000
00000000000000011000000000000000000000000000000000
00000000000000000000000000000000000000000000000000
00000000011000000000000000000000011100000000000000
00000000000100000000000000000000011100000000000000
00000000000000000000000000000000011000000000000000
00000000000000000010000000001110000000000000000000
00000000000000000001000000001001100100000000000000
00000000000000000001000000000101100011000000000000
00011000000000000000000000001101100000000000000000
00011000000000000000000000000000001001000000000000
00000000000000000000011110111010001000100000000000
00000000000000001110100011111000000001110000000000
00000000000000110111000000000000000110110000000000
00000000000000100111000101000000000001100000000000
00000000000000000101101011000000000000000000000000
00000000001110000100000000000000000000000000000000
00000000010001000000000000000000000000000000000000
00000000100000001000000000000000000001110000000000
