10000000000000000011000000000000010000000000000000
00000000000000000100100000000001001000000000000000
00000000000000000001100000011000000000000000000000
00000000000000001111001000011000000000000000000000
00000000000000011100101000000010010000111100000000
00000000000000000000000000000001001001100000000000
00000000000000000100110000000010011011000010000000
00000000110000101000100000000010000000000010000000
00000000110001000100000000000000011000000000011000
00100000000001111100000000010011110000000010011000
01010000000001100000000000101000110000100010000000
00010000000000001001100001001000000000100100000000
11100110000000001001100000100000000001001000000000
10110011000000000001000000011000000001100000000000
01111010000001111000110000001000000001110000000000
11011110001110100001110000000000000001110000000000
00100011100001000000010000000000000000000000000000
00000001101100010111100000000000000000000000000000
10000000000000000011000000000000000000000000000000
01000000000000000000000000000000100000000000000001
