11000000000000001100011000000000000000000000000001
00000000000000000000000000000000000000000111000000
00000000000000000000111000000000000000000111000000
00000000000000000000011000000000000000000000000000
00000000000000000000000000000000010000000000000000
00000000000000000000000000000000000000000000000000
00000000000000000000000000000000010000000000000000
00000000000000000000000000000000011000000000000000
00000000000000000000000000000000110000000000000000
00000000000000000000000000011000110000000000000000
00011000000000000000000100010100000110000000000000
00011000000000011100011011100000010100000000000000
00000000000000100111100000110100001100000000000000
00000000000001000001110000100000000000000000000000
00000000000001000111100000000000000000000000000000
00000000000000000110010000100000000000000000000000
00000000000000110000011101000000000000111000000000
00000000000000001000011000000000000000000000000000
00000000000000000000000000000000000001001000000000
00000000000000000000011000000000000001010000000000
